% 2011 Lava flow boundaries from Bill Chadwick - at one stage named axial_lava

lava(1).xy = [ ...
%   -129.988412941559,45.9431298731752
-129.991016294498,45.9541745996583
-129.990535042799,45.9540242085027
-129.990264338719,45.9540242085027
-129.98978308702,45.9537535044221
-129.989422148246,45.9536331914974
-129.989031131241,45.9536933479598
-129.988880740085,45.9540242085027
-129.988459644849,45.9542347561208
-129.988038549612,45.9542648343518
-129.987828001994,45.9538738173467
-129.98746706322,45.9536031132662
-129.987136202678,45.9537234261908
-129.986504559823,45.9536933479598
-129.9859029952,45.9537234261908
-129.985602212888,45.9537234261908
-129.985030726496,45.9535730350352
-129.984729944185,45.9534527221103
-129.984369005411,45.9534828003416
-129.98409830133,45.9534226438792
-129.983947910174,45.9531218615677
-129.983677206094,45.9531218615677
-129.983135797933,45.9530316268741
-129.982774859159,45.9528511574872
-129.98280493739,45.9526406098691
-129.983556893169,45.9524300622508
-129.98409830133,45.9522195146327
-129.984639709491,45.9523097493262
-129.985181117652,45.9525804534068
-129.985662369351,45.9525503751756
-129.985842838738,45.9521593581705
-129.985933073431,45.9514976370847
-129.986324090436,45.950805837768
-129.985963151662,45.9504749772252
-129.985662369351,45.9501741949137
-129.985572134657,45.9498132561396
-129.985301430577,45.9495726302903
-129.985241274114,45.9490011438981
-129.98512096119,45.9486101268931
-129.984850257109,45.9480687187322
-129.984579553029,45.9477378581895
-129.984429161873,45.9472265282596
-129.984338927179,45.9469859024103
-129.984308848948,45.9466550418675
-129.984188536024,45.9464745724805
-129.983917831943,45.9462640248624
-129.983947910174,45.9459030860885
-129.98409830133,45.9453315996961
-129.984158457792,45.9447601133041
-129.984008066637,45.9444593309926
-129.983797519018,45.9442788616056
-129.983526814938,45.9440081575251
-129.983195954395,45.9441284704497
-129.98280493739,45.943827688138
-129.982714702697,45.9432562017459
-129.98253423331,45.9431358888213
-129.982353763923,45.9433163582083
-129.982143216304,45.9429854976654
-129.98202290338,45.9428351065096
-129.981812355762,45.9422936983488
-129.981421338757,45.9418425248814
-129.981180712907,45.9416319772632
-129.980970165289,45.9413913514139
-129.981270947601,45.9410304126398
-129.981270947601,45.9407296303283
-129.98100024352,45.9403386133231
-129.981210791138,45.939947596318
-129.981391260525,45.9397370486998
-129.98124086937,45.9391655623078
-129.981060399983,45.9386843106091
-129.981180712907,45.9383534500663
-129.981481495219,45.9381429024482
-129.98178227753,45.9379624330612
-129.98178227753,45.9375714160561
-129.98178227753,45.9366690691212
-129.981842433993,45.9360374262667
-129.982113138073,45.9357968004173
-129.981992825149,45.9354960181058
-129.981752199299,45.9351050011007
-129.981451416988,45.9346839058643
-129.981451416988,45.9341424977033
-129.981752199299,45.9338417153917
-129.98202290338,45.9336010895426
-129.981842433993,45.9334206201553
-129.981571729912,45.9334506983866
-129.981361182294,45.9330296031502
-129.981601808143,45.9326085079141
-129.981962746917,45.932397960296
-129.982443998616,45.9324280385272
-129.982955328546,45.9324581167582
-129.983556893169,45.9327889773011
-129.98382759725,45.9326686643764
-129.983947910174,45.9322475691401
-129.984038144868,45.9317963956726
-129.984218614255,45.9313452222051
-129.984248692486,45.9309542052
-129.984399083642,45.9307135793508
-129.984729944185,45.9305331099637
-129.984910413571,45.930382718808
-129.985241274114,45.9302924841145
-129.98539166527,45.930021780034
-129.98512096119,45.9297209977224
-129.985090882959,45.9293600589484
-129.985481899964,45.9290291984055
-129.985481899964,45.9286381814004
-129.98539166527,45.9281569297019
-129.985752604044,45.9279163038525
-129.986324090436,45.9277959909279
-129.987256515602,45.9278561473901
-129.987888158457,45.9279163038525
-129.988188940768,45.9282772426265
-129.988188940768,45.9287584943251
-129.988068627844,45.929119433099
-129.988640114236,45.9294502936419
-129.989151444166,45.9297510759535
-129.989722930558,45.9296307630289
-129.99029441695,45.9294502936419
-129.990775668648,45.9292096677926
-129.991196763885,45.9289088854809
-129.991557702659,45.9285178684759
-129.991377233272,45.9283073208576
-129.991377233272,45.928006538546
-129.991647937352,45.9276756780033
-129.991978797895,45.9274049739228
-129.992339736669,45.9274952086162
-129.992760831905,45.9274952086162
-129.99288114483,45.927254582767
-129.993302240066,45.927254582767
-129.993873726458,45.927254582767
-129.994354978157,45.9271944263045
-129.994806151624,45.9268936439929
-129.995257325092,45.9268334875306
-129.995678420328,45.9265026269879
-129.996279984951,45.9263823140632
-129.99676123665,45.9262920793698
-129.99727256658,45.926352235832
-129.997453035967,45.9268635657619
-129.997453035967,45.927254582767
-129.997453035967,45.9278862256214
-129.997663583585,45.9280366167772
-129.998174913515,45.9282772426265
-129.998626086982,45.928547946707
-129.998896791063,45.9286682596315
-129.999017103987,45.9292096677926
-129.999287808068,45.9293299807172
-129.999528433917,45.9295706065665
-129.999197573374,45.9299315453406
-129.998596008751,45.9302323276521
-129.998295226439,45.9305030317326
-129.998024522359,45.9305030317326
-129.997663583585,45.9302924841145
-129.997242488349,45.9301420929586
-129.996941706037,45.9302323276521
-129.996490532569,45.9304729535015
-129.996159672027,45.9307135793507
-129.99573857679,45.9309542052
-129.995708498559,45.9312549875116
-129.99597920264,45.9312850657429
-129.99624990672,45.931134674587
-129.996490532569,45.9308940487376
-129.996731158419,45.931134674587
-129.996881549575,45.9317362392102
-129.996911627806,45.9323378038336
-129.996821393112,45.9327889773011
-129.996731158419,45.9331799943061
-129.99676123665,45.9333905419243
-129.996851471343,45.9337514806982
-129.996851471343,45.9341725759346
-129.996520610801,45.9346237494021
-129.995949124408,45.934804218789
-129.995437794479,45.9346839058643
-129.9946858387,45.9343229670904
-129.99417450877,45.9341424977033
-129.993843648227,45.9340522630099
-129.993873726458,45.9342928888592
-129.993633100609,45.9345335147085
-129.993212005373,45.9345034364774
-129.992820988367,45.9345034364774
-129.992460049594,45.9341725759346
-129.992069032588,45.9338417153917
-129.991738172046,45.9335710113112
-129.991437389734,45.9332100725373
-129.991226842116,45.9331198378437
-129.991317076809,45.9334206201553
-129.991437389734,45.9337514806982
-129.991407311503,45.9341424977033
-129.991286998578,45.9345034364774
-129.991016294498,45.9348342970202
-129.99056512103,45.9350147664071
-129.99029441695,45.9349846881758
-129.990083869332,45.9348944534825
-129.989843243482,45.9345936711708
-129.989722930558,45.9342928888592
-129.989422148246,45.9339921065477
-129.989121365934,45.9340221847787
-129.989151444166,45.9341725759346
-129.989422148246,45.9344733582462
-129.989662774095,45.9348342970202
-129.990083869332,45.9352553922563
-129.990174104025,45.9354960181058
-129.989813165251,45.9358870351109
-129.989211600628,45.9361577391914
-129.988880740085,45.936458521503
-129.98951238294,45.9361878174226
-129.990174104025,45.9360374262667
-129.990655355724,45.9360374262667
-129.991286998578,45.9364885997342
-129.991407311503,45.9369397732017
-129.991317076809,45.9374811813624
-129.990956138035,45.9379323548299
-129.990384651643,45.9381729806794
-129.989903399945,45.9383534500663
-129.989392070015,45.9383233718353
-129.988970974779,45.9382331371417
-129.988730348929,45.9385339194533
-129.988579957773,45.9391354840766
-129.988249097231,45.9396167357753
-129.988519801311,45.9396167357753
-129.989061209472,45.9397370486998
-129.98951238294,45.9399776745492
