sills.xy = [-130.01044	45.9273 
 -130.0124	45.9288
 -130.0144	45.931
 -130.0154	45.9339
 -130.0154 	45.9368
 -130.0139	45.9391
 -130.0094	45.9417
 -130.0040	45.9437
 -129.9985	45.9448
 -129.9901	45.9451
 -129.9851	45.9434
 -129.9821	45.9408
 -129.9791	45.9379
 -129.9766	45.9345
 -129.9731	45.9245
 -129.9702	45.9138
 -129.9702	45.909
 -129.9712	45.907
 -129.9751	45.9061
 -129.9811	45.9064
 -129.9881	45.9087
 -129.9930	45.9121
 -129.9975	45.9156
 -130.0050	45.9201
 -130.0085	45.9233
 -130.0104	45.9273];
sills.center = [-129.98651, 45.92682];
